Adobe After Effects 8.0 Keyframe Data

    Units Per Second    25
    Source Width    1280
    Source Height   720
    Source Pixel Aspect Ratio   1
    Comp Pixel Aspect Ratio 1

Motion Trackers Tracker #1  Track Point #1  Feature Center
    Frame   X pixels    Y pixels    
    71  403.344 568.294 
    71.834  387.982 559.861 
    72.668  379.845 562.99  
    73.5029 393.931 577.033 
    74.3369 387.931 573.935 
    75.1709 389.518 567.65  
    76.0049 394.425 573.631 
    76.8389 363.55  564.588 
    77.6738 325.475 553.662 
    78.5078 313.148 545.366 
    79.3418 296.176 543.483 
    80.1758 277.109 527.569 
    81.0098 266.922 518.272 
    81.8437 266.101 501.358 
    82.6787 281.058 487.37  
    83.5127 301.062 468.44  
    84.3467 356.148 486.295 
    85.1807 363.113 472.373 
    86.0146 367.172 467.381 
    86.8496 394.078 461.358 
    87.6836 395.961 468.342 
    88.5176 383.105 480.35  
    89.3516 377.055 493.358 
    90.1855 384.062 510.385 
    91.0205 384.984 526.358 
    91.8545 387.035 534.346 
    92.6885 382.058 548.358 
    93.5225 389.043 565.346 
    94.3564 383.051 571.401 
    95.1904 385.735 568.096 
    96.0254 373.419 560.225 
    96.8594 357.735 579.124 
    97.6934 345.618 593.151 
    98.5273 342.665 604.175 
    99.3613 339.684 614.112 
    100.196 333.591 623.112 
    101.03  325.665 632.112 
    101.864 336.599 645.112 
    102.698 358.209 645.909 
    103.329 358.209 645.909 
    104.163 355.983 643.523 

Motion Trackers Tracker #1  Track Point #1  Feature Size
    Frame   X   Y   
        207.826 82.6087 


End of Keyframe Data
